return model =
  name: 'Scrap 1'
  level: 1
  model: 1
  size: 1.1
  zoom: 1.07
  specs:
    shield:
      capacity: [60,120]
      reload: [2,3]
    generator:
      capacity: [25,50]
      reload: [12,16]
    ship:
      mass: 70
      speed: [130,155]
      rotation: [65,80]
      acceleration: [85,105]
  bodies:
    main:
      section_segments: 12
      offset:
        x: 0
        y: -50
        z: -10
      position:
        x: [5,5,5,5,5,5,5,5,5,5,5]
        y: [-74,-78,-69,-50,-30,-20,-20,-20,-20,-20,-20]
        z: [-12,-12,-10,-4,0,0,0,0,0,0,0,0]
      width: [0,13,16,24,22,24,25,24,25,13,0]
      height: [0,10,16,18,18,18,18,18,17,10,0]
      texture: [12,63,12,2,63,3,2,63,15,17]
      angle: 20
    main2:
      section_segments: 8
      offset:
        x: 0
        y: -15
        z: -3
      position:
        x: [0,0,0,0,0,0,0,0,0,0,0]
        y: [-33,-33,-33,-33,-33,-20,5,5,5,5,5]
        z: [0,0,0,0,0,0,0,0,0,0,0,0]
      width: [0,25,25,25,25,26.2,28,30,30,16,0]
      height: [0,21,21,21,21,21,20,20,21,12,0]
      texture: [16,63,3,63,8,2,2,11,12,17]
      angle: -5
    main4:
      section_segments: 8
      offset:
        x: 0
        y: 1
        z: 0
      position:
        x: [0,0,0,0,0,0,0,0,0,0,0]
        y: [5,5,5,5,5,5,5,20,49,49,49]
        z: [0,0,0,0,0,0,0,0,0,0,0,0]
      width: [0,25,25,25,25,26.2,28,30,30,16,0]
      height: [0,21,21,21,21,21,20,20,21,12,0]
      texture: [16,63,3,63,8,2,2,11,12,17]
      angle: 5
    main3:
      section_segments: 8
      offset:
        x: 0
        y: 3
        z: 0
      position:
        x: [10,10,10,10,10,10,10,10,10,10,10]
        y: [49,49,49,49,49,49,49,49,49,65,60]
        z: [0,0,0,0,0,0,0,0,0,0,0,0]
      width: [0,30,30,30,30,30,30,30,30,16,0]
      height: [0,21,21,21,21,21,20,20,21,12,0]
      texture: [16,63,3,63,8,2,2,11,12,17]
      angle: -10
    extrathing:
      section_segments: 8
      offset:
        x: 0
        y: -47
        z: -42
      position:
        x: [40,40,40,40,40,40,40,40,40]
        y: [-35,-38,-35,-25,-15,-10,-15,-15,-15]
        z: [0,0,0,0,0,0,0,0,4]
      width: [0,4,6,8,9,9,9,8,3]
      height: [0,4,7,9,9,9,9,9,3]
      texture: [6,3,8,13,63,4,12,2]
      angle: 30
    extrathing2:
      section_segments: 8
      offset:
        x: 0
        y: -71
        z: -40
      position:
        x: [40,40,40,40,40,40,38,35,32]
        y: [-10,-10,-10,-10,-10,-5,10,20,25]
        z: [0,0,0,0,0,0,0,0,4]
      width: [0,4,6,8,9,9,10,8,3]
      height: [0,4,7,9,9,9,9,9,3]
      texture: [6,3,8,13,63,4,12,2]
      angle: -20
    cockpit:
      section_segments: 8
      offset:
        x: 0
        y: -45
        z: 16
      position:
        x: [0,0,0,0,0,0]
        y: [54,54,54,65,76]
        z: [0,0,0,0,0]
      width: [8,14,14,12,8]
      height: [9,14,16,15,11]
      texture: [9,8,7,4]
    cockpit2:
      section_segments: 8
      offset:
        x: 0
        y: -65
        z: 16
      position:
        x: [15,15,15,15,15,15]
        y: [20,39,39,39,39]
        z: [0,0,0,0,0]
      width: [8,14,14,12,8]
      height: [9,14,16,15,11]
      texture: [9,8,7,4]
      angle: -10
    cockpit3:
      section_segments: 8
      offset:
        x: 0
        y: -60
        z: 16
      position:
        x: [1,1,1,1,1,1]
        y: [54,39,54,54,54]
        z: [0,0,0,0,0]
      width: [8,14,14,12,8]
      height: [9,14,16,15,11]
      texture: [9,8,7,4]
      angle: -5
    decorative:
      section_segments: 8
      offset:
        x: 0
        y: 24
        z: 0
      position:
        x: [-24,-23,-24,-32,-33,-33,-34,-34,-35,-30,-32,-33,-33,-33]
        y: [13,13,13,13,13,13,13,20,25,32,45,52,60,55]
        z: [0,0,0,0,0,0,0,0,0,0,0,0,0,0]
      width: [0,8,12,12,12,12,14,14,12,17,18,14,10,0]
      height: [0,7,12,12,12,12,14,14,14,18,16,15,8,0]
      angle: 9
      texture: [17,4,16,4,4,4,8,3,63,4,63,12,17]
    decorative2:
      section_segments: 8
      offset:
        x: 0
        y: 2
        z: 0
      position:
        x: [-42,-42,-42,-42,-43,-43,-43,-43,-33,-33,-33,-33,-33,-33]
        y: [-20,-20,-20,-20,-10,8,8,8,8,8,8,8,8,8]
        z: [0,0,0,0,0,0,0,0,0,0,0,0,0,0]
      width: [0,8,14,16,16,12,12,12,12,12,12,12,10,0]
      height: [0,7,14,16,16,12,12,12,12,12,12,12,8,0]
      angle: 29
      texture: [17,2,10,63,3,2,8,3,63,4,63,12,17]
    decorative3:
      section_segments: 8
      offset:
        x: 0
        y: 28
        z: 0
      position:
        x: [-64,-63,-64,-62,-62,-62,-62,-62,-62,-62,-62,-62,-62,-62]
        y: [-70,-75,-45,-20,-20,-20,-20,-20,-20,-20,-20,-20,-20,-20]
        z: [0,0,0,0,0,0,0,0,0,0,0,0,0,0]
      width: [0,8,14,16,16,16,16,16,16,16,16,16,10,0]
      height: [0,7,14,16,16,16,16,16,16,16,16,16,8,0]
      angle: -13
      texture: [17,2,10,63,3,2,8,3,63,4,63,12,17]
    propulsors:
      section_segments: 8
      offset:
        x: 990
        y: 30
        z: 0
      position:
        x: [-25,-25,-30,-30,-25,-25,-25]
        y: [-50,-45,-20,0,20,50,40]
        z: [0,0,0,0,0,0,0]
      width: [0,10,15,15,15,10,0]
      height: [0,15,20,25,20,10,0]
      texture: [4,3,13,63,12,12]
      angle: 0
      propeller: true
    propulsors2:
      section_segments: 8
      offset:
        x: 0
        y: 30
        z: 0
      position:
        x: [50,50,55,55,50,50,50]
        y: [-50,-45,-20,0,20,20,20]
        z: [0,0,0,0,0,0,0]
      width: [0,10,15,15,15,10,0]
      height: [0,15,20,25,20,10,0]
      texture: [4,3,13,63,12,12]
      angle: -10
    propulsors3:
      section_segments: 8
      offset:
        x: 0
        y: 45
        z: 0
      position:
        x: [50,50,50,50,50,50,50]
        y: [20,20,20,20,20,50,40]
        z: [0,0,0,0,0,0,0]
      width: [0,15,15,15,15,10,0]
      height: [0,20,20,20,20,10,0]
      texture: [4,3,13,63,12,12]
      angle: -10
    lasers:
      section_segments: 8
      offset:
        x: 20
        y: -20
        z: 0
      position:
        x: [0,0,0,0,0,0,0]
        y: [0,0,0,0,0,0,10]
        z: [0,0,0,0,0,0,0]
      width: [0,2,2,2,2,2,2]
      height: [0,2,2,2,2,2,2]
      texture: [1,1,63,63,10,12]
      angle: 0
      laser:
        damage: [2,3]
        rate: 10
        type: 2
        speed: [105,165]
        recoil: 0
        number: 1
        error: 0
      propeller: false
    bodyshield:
      section_segments: [40,45,50,130,135,140,220,225,230,310,315,320]
      offset:
        x: 0
        y: 40
        z: -5
      position:
        x: [-88,-88,-88,-91,-91,-91,-91]
        y: [-20,-20,-20,0,10,10,10]
        z: [0,0,0,0,0,0,0]
      width: [0,3,3,7,7,6,0]
      height: [0,3,9,14,14,12,0]
      angle: -16
      texture: [3,3,3,63,63]
    bodyshield3:
      section_segments: [40,45,50,130,135,140,220,225,230,310,315,320]
      offset:
        x: 0
        y: 30
        z: -5
      position:
        x: [-88,-88,-88,-91,-91,-88,-88]
        y: [10,10,10,10,20,40,42]
        z: [0,0,0,0,0,0,0]
      width: [0,3,3,7,7,6,0]
      height: [0,3,9,14,14,12,0]
      angle: 6
      texture: [63,63,63,63,3]
    bodyshield4:
      section_segments: [40,45,50,130,135,140,220,225,230,310,315,320]
      offset:
        x: 0
        y: 13
        z: -5
      position:
        x: [-107,-107,-107,-107,-107,-107,-107]
        y: [10,10,10,10,23,23,23]
        z: [0,0,0,0,0,0,0]
      width: [0,3,3,7,7,6,0]
      height: [0,3,9,14,14,12,0]
      angle: 5
      texture: [63,63,63,63,63]
    lasers:
      section_segments: 12
      offset:
        x: 0
        y: -11
        z: -18
      position:
        x: [120,120,120,120,120,120,120,120,120,120,120]
        y: [32,32,32,32,32,32,32,41,52,50,60]
        z: [0,0,0,0,0,0,0,0,0,0,0]
      width: [0,4,5,5,7,9,10,10,9,5,3]
      height: [0,4,5,5,6,9,10,10,8,5,3]
      texture: [6,13,10,2,13,8,63,11,2,12]
      angle: -10
    lasers2:
      section_segments: 12
      offset:
        x: 0
        y: 13
        z: -18
      position:
        x: [110,110,110,110,110,110,110,110,110,110,110]
        y: [2,-6,0,12,26,22,32,32,32,32,32]
        z: [0,0,0,0,0,0,0,0,0,0,0]
      width: [0,4,5,5,7,9,10,10,9,5,3]
      height: [0,4,5,5,6,9,10,10,8,5,3]
      texture: [6,13,10,2,13,8,63,11,2,12]
      angle: 6
    wingsupport:
      section_segments: 8
      offset:
        x: 0
        y: 52
        z: 20
      position:
        x: [-10,-10,-10,-10,-10]
        y: [-17,-9,5,25,45]
        z: [0,0,0,11,19]
      width: [3,7,7,7,4]
      height: [3,15,18,10,0]
      texture: [2,2,8,2]
      angle: -20
    wingests:
      section_segments: 12
      offset:
        x: 0
        y: 15
        z: -8
      position:
        x: [-4,-5,-5,-5,-5]
        y: [73,85,93,105,106]
        z: [10,7,6,5,5]
      width: [28,23,19,12,4]
      height: [8,7,6,5,3]
      texture: [2,3,4,4]
      angle: 85
    wingests3:
      section_segments: 12
      offset:
        x: 0
        y: 35
        z: -8
      position:
        x: [-5,-5,-10,-7,-2]
        y: [-74,-71,-59,-51,-39]
        z: [10,8,6,7,10]
      width: [4,18,21,22,24]
      height: [3,5,6,7,8]
      texture: [4,4,3,2]
      angle: 90