return model =
  name: 'Scrap 3'
  level: 7
  model: 3
  size: 5.6
  zoom: 0.98
  specs:
    shield:
      capacity: [550,550]
      reload: [13,13]
    generator:
      capacity: [420,420]
      reload: [96,96]
    ship:
      mass: 380
      speed: [60,60]
      rotation: [20,20]
      acceleration: [110,110]
  bodies:
    main:
      section_segments: 16
      offset:
        x: 0
        y: -15
        z: 0
      position:
        x: [0,0,0,0,0,0,0,0,0,0,0,0,0,0]
        y: [-83,-76,-80,-70,-70,-70,-70,-70,-70,-70,-70,-70,-70,-70]
        z: [0,0,0,0,0,0,0,0,0,0,0,0,0,0,0]
      width: [1,6,8,14,14,14,14,14,14,14,14,14,14,0]
      height: [1,6,8,14,14,14,14,14,14,14,14,14,12,0]
      texture: [6,17,4,12,63,2,10,63,3,4,11,12,17]
      angle: -0
    main2:
      section_segments: 16
      offset:
        x: 0
        y: -9
        z: 0
      position:
        x: [0,0,0,0,0,0,0,0,0,0,0,0,0,0]
        y: [-70,-70,-70,-70,-55,-40,-40,-40,-40,-40,-40,-40,-40,-40]
        z: [0,0,0,0,0,0,0,0,0,0,0,0,0,0,0]
      width: [1,6,8,14,18,19,19,19,19,19,19,19,19,0]
      height: [1,6,8,14,19,19,19,19,19,19,19,19,12,0]
      texture: [6,17,4,12,63,2,10,63,3,4,11,12,17]
      angle: 10
    main3:
      section_segments: 16
      offset:
        x: 0
        y: -0
        z: 0
      position:
        x: [-5,-5,-5,-5,-5,-5,-5,-5,-5,-5,-5,-5,-5,-5]
        y: [-40,-40,-40,-40,-40,-40,-20,0,0,0,0,0,0,0]
        z: [0,0,0,0,0,0,0,0,0,0,0,0,0,0,0]
      width: [1,6,8,14,18,19,21,23,23,23,23,23,12,0]
      height: [1,6,8,14,18,19,20,23,23,23,23,23,12,0]
      texture: [6,17,4,12,63,2,10,63,3,4,11,12,17]
      angle: -10
    main4:
      section_segments: 16
      offset:
        x:0
        y: 5
        z: 0
      position:
        x: [0,0,0,0,0,0,0,0,0,0,0,0,0,0]
        y: [0,0,0,0,0,0,0,0,14,20,30,30,30,30]
        z: [0,0,0,0,0,0,0,0,0,0,0,0,0,0,0]
      width: [1,6,8,14,18,19,21,23,23,29,29,29,12,0]
      height: [1,6,8,14,18,20,20,23,23,29,29,29,12,0]
      texture: [6,17,4,12,63,2,10,63,3,4,11,12,17]
      angle: -3
    main5:
      section_segments: 16
      offset:
        x: 0
        y: 10
        z: 0
      position:
        x: [0,0,0,0,0,0,0,0,0,0,0,0,0,0]
        y: [30,30,30,30,30,30,30,30,30,30,30,50,70,60]
        z: [0,0,0,0,0,0,0,0,0,0,0,0,0,0,0]
      width: [1,6,8,14,18,19,21,23,23,29,29,29,12,0]
      height: [1,6,8,14,18,20,20,23,23,29,29,29,12,0]
      texture: [6,17,4,12,63,2,10,63,3,4,11,12,17]
      angle: -10
    side_propulsors:
      section_segments: 8
      offset:
        x: 0
        y: 45
        z: 0
      position:
        x: [50,50,50,50,50,50,50,50,50,50]
        y: [-28,-25,-20,-13,-5,-5,-5,-5,-5,-5]
        z: [0,0,0,0,0,0,0,0,0,0]
      width: [3,7,9,8,7,6,6,6,6,0]
      height: [3,7,9,8,8,8,8,8,8,0]
      texture: [3,13,4,2,63,3,2,13,17]
      angle: 0
    side_propulsors2:
      section_segments: 8
      offset:
        x: 0
        y: 11
        z: 0
      position:
        x: [60,60,60,60,60,60,60,60,60,60]
        y: [-5,-5,-5,-5,-5,5,13,13,13,]
        z: [0,0,0,0,0,0,0,0,0,0]
      width: [0,7,7,7,7,6,6,6,6,0]
      height: [0,7,8,8,8,8,8,8,8,0]
      texture: [17,13,4,2,63,3,2,13,17]
      angle: -45      
    side_propulsors3:
      section_segments: 8
      offset:
        x: 0
        y: 45
        z: 0
      position:
        x: [35,35,35,35,35,35,35,35,35,35]
        y: [13,13,13,13,13,13,13,20,30,25]
        z: [0,0,0,0,0,0,0,0,0,0]
      width: [0,6,6,6,6,6,6,6,6,0]
      height: [0,8,8,8,8,8,8,8,8,0]
      texture: [17,13,4,2,63,3,2,13,17]
      angle: -20
    cypicalcannon:
      section_segments: 16
      offset:
        x: 0
        y: 46
        z: 1
      position:
        x: [50,50,50,50,50,50,50,50]
        y: [-1,-1,-1,-1,-1,12,18,15]
        z: [0,0,0,0,0,0,0,0]
      width: [0,4,4,5,9,9,5,0]
      height: [0,4,4,5,9,9,5,0]
      texture: [16,10,2,63,8,4,17]
      angle: -180
    cypicalcannon2:
      section_segments: 16
      offset:
        x: 0
        y: 86
        z: -9
      position:
        x: [55,55,55,55,55,55,55,55]
        y: [-26,-28,-15,-10,-1,-1,-1,-1]
        z: [0,0,0,0,0,0,0,0]
      width: [0,4,9,5,9,9,5,0]
      height: [0,4,9,5,9,9,5,0]
      texture: [16,10,2,63,8,4,17]
      angle: -210
    bumpers:
      section_segments: 12
      offset:
        x: 0
        y: -18
        z: -45
      position:
        x: [-40,-40,-40,-40,-40,-40,-40,-40,-40,-40,-40,-40,-40]
        y: [-40,-40,-40,-40,-40,-40,-40,-40,-25,-10,10,10,10]
        z: [0,0,0,0,0,0,0,0,0,0,0,0,0]
      width: [0,4,7,9,9,12,13,14,14,14,14,5,0]
      height: [0,4,7,9,9,17,20,22,22,22,20,10,0]
      texture: [6,6,17,13,16,13,2,11,63,3,11]
      angle: 3
    bumpers2:
      section_segments: 12
      offset:
        x: 0
        y: -88
        z: -45
      position:
        x: [-36,-36,-37,-37,-37,-37,-40,-44,-44,-44,-44,-44,-44]
        y: [-106,-105,-90,-95,-90,-70,-55,-40,-40,-40,-40,-40,-40]
        z: [0,0,0,0,0,0,0,0,0,0,0,0,0]
      width: [0,4,7,9,9,12,13,14,14,14,14,5,0]
      height: [0,4,7,9,9,17,20,22,22,22,20,10,0]
      texture: [6,6,17,13,4,13,2,11,63,3,16]
      angle: 63
    circle6:
      section_segments: 12
      offset:
        x: 0
        y: 28.5
        z: -45
      position:
        x: [-50,-50,-50,-50,-50]
        y: [-6,0,8,16,31]
        z: [0,0,0,0,0]
      width: [14,20,20,20,9]
      height: [21,23,25,20,5]
      texture: [2,3,63,13]
      angle: -22
    cockpitshield:
      section_segments: 8
      offset:
        x: 0
        y: -25
        z: -10
      position:
        x: [36,36,38,40,41,40,39,39]
        y: [-15,-15,-15,-15,0,10,15]
        z: [0,0,0,0,0,0,0]
      width: [0,7,10,13,14,10,8]
      height: [0,8,13,16,16,9,8]
      texture: [1,4,3,63,8,2,11]
      angle: -10
    cockpitshield2:
      section_segments: 8
      offset:
        x: 0
        y: -30
        z: -10
      position:
        x: [36,36,38,40,40,40,39,39]
        y: [-40,-40,-30,-15,-15,-15,-15]
        z: [0,0,0,0,0,0,0]
      width: [0,7,10,13,13,13,7]
      height: [0,8,13,16,16,16,8]
      texture: [1,4,3,63,8,2,11]
      angle: 10
    wingests:
      section_segments: 12
      offset:
        x: 0
        y: -65
        z: -58
      position:
        x: [7,0,-5,-7.5,-11]
        y: [-99,-99,-99,-90,-79]
        z: [10,8,6,7,10]
      width: [7,14,20,22,24]
      height: [3,5,6,7,8]
      texture: [3,3,63,10]
      angle: 110
    wingests2:
      section_segments: 12
      offset:
        x: 0
        y: -82
        z: -58
      position:
        x: [8,1,-5,-5,-5]
        y: [-124,-121,-109,-109,-109]
        z: [10,8,6,6,6]
      width: [7,14,20,20,20]
      height: [3,5,6,6,6]
      texture: [3,3,63,10]
      angle: 120
    cannons5:
      section_segments: 8
      offset:
        x: 0
        y: -85
        z: -15
      position:
        x: [90,90,90,90,90,90,90,90,90,90]
        y: [5,0,15,25,25,25,25]
        z: [0,0,0,0,0,0,0,0,0,0]
      width: [0,3,5,5,5,0,0,0,0]
      height: [0,3,5,5,5,0,0,0,0]
      texture: [17,13,63,63,17,17,17,17]
      angle: -25
    cannons6:
      section_segments: 8
      offset:
        x: 0
        y: -50
        z: -15
      position:
        x: [73,73,73,73,73,73,73,73,73,73]
        y: [25,25,25,25,33,40,42]
        z: [0,0,0,0,0,0,0,0,0,0]
      width: [0,3,5,5,5,4,1,0,0]
      height: [0,3,5,5,5,4,1,0,0]
      texture: [17,13,63,63,4,4,3,8]
      angle: -5
    cockpit:
      section_segments: 12
      offset:
        x: 0
        y: -76
        z: 19
      position:
        x: [5,5,5,5,5,5,5,5]
        y: [49,49,49,60,69,69,69]
        z: [0,0,0,0,0,0,0,0]
      width: [6,8,10,10,10,10,0]
      height: [4,7,10,10,10,10,0]
      texture: [7,9,7,11,7,7]
      angle: 2
    cockpit2:
      section_segments: 12
      offset:
        x: 0
        y: -85
        z: 19
      position:
        x: [-18,-18,-18,-18,-18,-18,18]
        y: [25,36,49,49,49,49]
        z: [-1,1,1,0,-4,-3,-3]
      width: [6,8,10,10,10,8]
      height: [4,7,10,10,13,10]
      texture: [7,9,11,4,3]
      angle: 20
    cockpit3:
      section_segments: 16
      offset:
        x: 0
        y: -73
        z: 19
      position:
        x: [10,10,10,10,10,10,10]
        y: [69,69,69,69,80,90]
        z: [-1,1,1,0,-4,-3,-3]
      width: [6,8,10,10,10,8]
      height: [4,7,10,10,13,10]
      texture: [7,9,11,4,3]
      angle: -12